0.412963
0.306833
0.192676
0.165251
0.235135
0.351462
0.141107
0.121513
0.249317
0.193249
0.199384
0.221105
0.248552
0.248768
0.258066
0.304675
0.258081
0.251793
0.219413
0.287402
0.228774
0.194784
0.138871
0.141090
0.112106
0.134494
0.158075
0.118708
0.123461
0.168089
0.210429
0.171715
0.172804
0.201349
0.189845
0.165600
0.163232
0.157937
0.250033
0.211494
0.119028
0.125074
0.256497
0.249763
0.221173
0.170708
0.121777
0.216703
0.173139
0.112838
0.126749
0.123155
0.210806
0.248318
0.226339
0.216790
0.177511
0.189192
0.204383
0.211454
0.149809
0.161568
0.116736
0.125647
0.125468
0.164061
0.229178
0.255431
0.165219
0.162473
0.136606
0.284927
0.230784
0.127101
0.124598
0.118488
0.228588
0.236558
0.192334
0.218154
0.193065
0.211024
0.182381
0.235464
0.237842
0.236196
0.219308
0.220470
0.209415
0.171446
0.178485
0.174571
0.266772
0.184054
0.129954
0.130577
0.132942
0.201971
0.214342
0.193787
0.225702
0.142898
0.129086
0.128017
0.340639
0.124033
0.149054
0.230387
0.272984
0.127385
0.162238
0.183962
0.242902
0.125524
0.118509
0.123803
0.151420
0.178265
0.225223
0.248351
0.274474
0.140055
0.196376
0.228651
0.277631
0.249347
0.312740
0.247090
0.213715
0.137553
0.160992
0.209506
0.219264
0.269855
0.266836
0.283015
0.237732
0.219881
0.137626
0.169452
0.182492
0.216455
0.234125
0.209781
0.220713
0.213792
0.186402
0.172331
0.117791
0.174728
0.239271
0.232994
0.214249
0.241183
0.257376
0.278611
0.208025
0.313122
0.287956
0.269493
0.258290
0.281182
0.170516
0.176182
0.154725
0.246986
0.220463
0.251637
0.282145
0.208931
0.207627
0.180742
0.126122
0.115555
0.126780
0.176586
0.225485
0.226326
0.282205
0.217683
0.269884
0.275420
0.235887
0.209785
0.103874
0.133310
0.127714
0.201877
0.237887
0.290451
0.244477
0.165692
0.138740
0.120641
0.121028
0.168005
0.245663
0.274037
0.297821
0.266340
0.242813
0.150654
0.128504
0.123830
0.136835
0.170961
0.268580
0.298775
0.243193
0.217598
0.186259
0.193621
0.144566
0.203871
0.187875
0.234210
0.149345
0.120915
0.125541
0.154097
0.226664
0.206821
0.216519
0.239783
0.146148
0.119669
0.111624
0.136615
0.137189
0.215876
0.196946
0.209781
0.239579
0.221614
0.156988
0.127528
0.130257
0.144352
0.223489
0.203930
0.235285
0.222795
0.157542
0.119171
0.120518
0.151703
0.184361
0.294469
0.259576
0.302504
0.232388
0.188406
0.125257
0.130554
0.132179
0.232060
0.216383
0.275022
0.205018
0.114338
0.127399
0.132201
0.176224
0.247551
0.265862
0.217593
0.210728
0.118584
0.129406
0.125926
0.173691
0.166402
0.189636
0.166258
0.182395
0.176480
0.178674
0.139997
0.144390
0.143376
0.137999
0.143300
0.219996
0.165361
0.122854
0.123969
0.166780
0.162102
0.170100
0.182937
0.164077
0.119894
0.116910
0.125584
0.133306
0.149560
0.202034
0.233878
0.228072
0.150459
0.119217
0.124957
0.138110
0.214162
0.215618
0.293716
0.245852
0.244900
0.211313
0.170896
0.118539
0.117944
0.113459
0.233749
0.155629
0.141359
0.133963
0.126219
0.125056
0.155545
0.203216
0.208797
0.122110
0.128924
0.144048
0.195233
0.123319
0.117425
0.161798
0.235711
0.194712
0.200648
0.135422
0.118562
0.115886
0.194290
0.209138
0.220116
0.174684
0.235002
0.177319
0.252576
0.184116
0.195592
0.181491
0.168742
0.129935
0.114887
0.141827
0.203855
0.190395
0.192123
0.301393
0.292749
0.275740
0.224559
0.219371
0.233240
0.248776
0.208175
0.190528
0.198483
0.278202
0.219004
0.230082
0.236313
0.252611
0.263615
0.225833
0.135147
0.138933
0.154781
0.183219
0.146189
0.117627
0.119007
0.160777
0.156834
0.161352
0.147979
0.151741
0.155985
0.141669
0.122008
0.126555
0.135854
0.155321
0.179207
0.186753
0.196467
0.197457
0.183764
0.186329
0.124994
0.150333
0.183900
0.181305
0.192589
0.126911
0.111295
0.120670
0.158317
0.175998
0.237554
0.236844
0.271671
0.204575
0.128592
0.126937
0.137633
0.169331
0.236403
0.228180
0.211421
0.123075
0.153629
0.207566
0.131483
0.126371
0.164909
0.183464
0.247376
0.143350
0.117547
0.137264
0.127019
0.147341
0.169034
0.165920
0.196344
0.193203
0.147453
0.122806
0.200677
0.229749
0.216463
0.262288
0.256190
0.246724
0.216014
0.185511
0.246839
0.118762
0.134411
0.174759
0.155091
0.166469
0.168770
0.270864
0.194087
0.115381
0.128847
0.134525
0.176283
0.219403
0.213394
0.237274
0.280939
0.291986
0.263414
0.210604
0.128770
0.111436
0.128541
0.165776
0.180254
0.243460
0.233681
0.215037
0.209660
0.261554
0.215013
0.219059
0.214005
0.242798
0.232104
0.221879
0.162474
0.159650
0.127294
0.209665
0.207828
0.252845
0.251634
0.252573
0.227799
0.199069
0.212680
0.200046
0.251585
0.201041
0.202738
0.200566
0.235959
0.224891
0.206162
0.136227
0.117783
0.122807
0.137012
0.172951
0.291009
0.250466
0.271979
0.215913
0.201330
0.178923
0.288506
0.274311
0.267870
0.175096
0.118032
0.130296
0.132507
0.194120
0.191614
0.241480
0.301253
0.263815
0.178611
0.127923
0.119568
0.136414
0.175871
0.207410
0.203353
0.262020
0.258139
0.214712
0.199077
0.236035
0.221289
0.191743
0.186033
0.205493
0.211060
0.164585
0.155587
0.117579
0.119841
0.130060
0.157309
0.191416
0.189509
0.193023
0.199679
0.284216
0.298167
0.269067
0.311580
0.213651
0.211262
0.175686
0.131301
0.228937
0.244822
0.271369
0.224041
0.250658
0.238560
0.233205
0.158578
0.118318
0.122825
0.127563
0.182199
0.240063
0.229714
0.277572
0.208960
0.117904
0.119738
0.154231
0.217996
0.216347
0.319058
0.288297
0.303580
0.291395
0.265848
0.252615
0.23772
0.124252
0.120263
0.140211
0.155285
0.166880
0.206080
0.205443
0.265658
0.249190
0.272258
0.153121
0.117811
0.114138
0.141005
0.174036
0.283977
0.202396
0.274754
0.249630
0.243270
0.213306
0.198222
0.135643
0.137291
0.123762
0.140446
0.203760
0.264556
0.202882
0.226058
0.161759
0.108985
0.139840
0.220814
0.244611
0.265430
0.262923
0.199666
0.202963
0.197295
0.200544
0.202701
0.184013
0.156170
0.119124
0.122836
0.145496
0.221511
0.279213
0.270490
0.245952
0.135184
0.165551
0.222714
0.215119
0.139606
0.132780
0.188561
0.222992
0.204543
0.218502
0.188861
0.177165
0.144178
0.121648
0.125120
0.144108
0.170005
0.184307
0.211524
0.234509
0.128223
0.114518
0.124025
0.150458
0.188557
0.201898
0.194570
0.158839
0.124743
